1 0 1568
2 0 2637
2 0 2555
3 0 5516
3 0 5528
4 0 25394
4 0 28136
4 0 11286
5 0 53337
5 0 46813
6 0 76664
6 0 81651
6 0 27505
6 0 25233
7 0 181954
7 0 64047
8 0 303898
8 0 331007
8 0 310651
8 0 18777
9 0 207307
9 0 2458039
9 0 3218659
10 0 386179
10 0 1771025
10 0 1205899
10 0 1208524
11 0 495688
11 0 3805556
12 0 2256365
12 0 36276110
12 0 20062094
12 0 4022865
12 0 20718757
12 0 7198257
13 0 88434949
13 0 60028849
14 0 27227612
14 0 199102428
14 0 64693543
14 0 2107068
15 2 208221851
15 0 896036918
15 0 152836692
15 2 582098320
16 0 52235426
16 0 606959399
16 0 949967772
16 1 305303355
16 0 871039226
