1 0 1921
2 0 3993
2 0 4170
3 0 12347
3 0 12224
4 0 29318
4 0 23058
4 0 9012
5 0 21508
5 0 22681
6 0 63325
6 0 38798
6 0 45627
6 0 71574
7 0 169764
7 0 293861
8 0 515847
8 0 308183
8 0 371026
8 0 1047353
9 0 2731105
9 0 985987
9 0 1798634
10 0 9419758
10 0 2622769
10 0 2831363
10 0 6979570
11 0 29109622
11 0 32188391
12 0 143309718
12 0 21749369
12 0 25763331
12 0 28053196
12 0 27178957
12 0 114735863
13 0 289669667
13 0 303794686
14 1 405444748
14 0 299567817
14 0 270050482
14 1.02 909811121
15 3 510831635
15 0.18 806410748
15 0.22 771371696
15 4.14 519479337
16 22.04 496315752
16 3 145127846
16 2 529571140
16 3 711725608
16 20.38 441266625
