1 0 1555
2 0 3041
2 0 3044
3 0 7169
3 0 6053
4 0 16051
4 0 15379
4 0 12508
5 0 36089
5 0 26611
6 0 79726
6 0 70933
6 0 62438
6 0 12986
7 0 42975
7 0 26041
8 0 93098
8 0 77963
8 0 68104
8 0 50646
9 0 199777
9 0 146262
9 0 99354
10 0 427279
10 0 343175
10 0 286786
10 0 198102
11 0 906600
11 0 381344
12 0 1855592
12 0 1385796
12 0 1248581
12 0 1224839
12 0 1118000
12 0 724355
13 0 4065001
13 0 1401717
14 0 8655211
14 0 6007849
14 0 4770684
14 0 2679334
15 0 17584303
15 0 10987417
15 0 10201810
15 0 5233660
16 0 36928205
16 0 24425975
16 0 21538864
16 0 18374337
16 0 9882794
