1 0 1516
2 0 3059
2 0 3014
3 0 7136
3 0 7038
4 0 16690
4 0 16099
4 0 15876
5 0 36048
5 0 35917
6 0 78385
6 0 38249
6 0 18919
6 0 18888
7 0 40533
7 0 41322
8 0 89420
8 0 93618
8 0 92345
8 0 85616
9 0 181235
9 0 192974
9 0 200252
10 0 403259
10 0 412082
10 0 417204
10 0 406134
11 0 868965
11 0 859212
12 0 1768684
12 0 1737571
12 0 1740604
12 0 1739754
12 0 1730546
12 0 1876827
13 0 3866111
13 0 3967867
14 0 7867426
14 0 8153367
14 0 8155563
14 0 7867238
15 0 16512263
15 0 16748267
15 0 16681555
15 0 16562248
16 0 33589457
16 0 34035289
16 0 33626070
16 0 33487812
16 0 33439321
