1 0 1550
2 0 2738
2 0 2700
3 0 4579
3 0 4619
4 0 7090
4 0 6988
4 0 6991
5 0 10283
5 0 10259
6 0 14171
6 0 14472
6 0 15036
6 0 13850
7 0 18878
7 0 15409
8 0 6018
8 0 6123
8 0 6181
8 0 6012
9 0 7505
9 0 7710
9 0 7509
10 0 9967
10 0 10351
10 0 10225
10 0 10185
11 0 10962
11 0 11070
12 0 12702
12 0 13040
12 0 13409
12 0 13180
12 0 13437
12 0 12889
13 0 15426
13 0 16583
14 0 19357
14 0 19528
14 0 19872
14 0 19870
15 0 22439
15 0 22943
15 0 23260
15 0 22505
16 0 25720
16 0 26423
16 0 26126
16 0 24511
16 0 25780
