1 0 1526
2 0 2706
2 0 2716
3 0 4627
3 0 4585
4 0 7079
4 0 7027
4 0 6985
5 0 10813
5 0 10241
6 0 14146
6 0 14485
6 0 14530
6 0 3511
7 0 4654
7 0 4675
8 0 6012
8 0 6112
8 0 6164
8 0 6007
9 0 7506
9 0 7713
9 0 7521
10 0 10148
10 0 9949
10 0 10072
10 0 9851
11 0 11015
11 0 11021
12 0 13105
12 0 13262
12 0 13352
12 0 13438
12 0 13439
12 0 13151
13 0 15887
13 0 15549
14 0 19374
14 0 19484
14 0 20383
14 0 19492
15 0 22424
15 0 23088
15 0 22946
15 0 22491
16 0 26077
16 0 25852
16 0 26116
16 0 26562
16 0 25775
