1 0 1542
2 0 2983
2 0 2556
3 0 5979
3 0 5413
4 0 12731
4 0 10880
4 0 8418
5 0 4049
5 0 5268
6 0 24836
6 0 48182
6 0 92721
6 0 38086
7 0 180582
7 0 52156
8 0 513969
8 0 162559
8 0 373889
8 0 21846
9 0 145266
9 0 647075
9 0 163676
10 0 2993291
10 0 1831499
10 0 1038932
10 0 324200
11 0 642756
11 0 800451
12 0 9365158
12 0 7070919
12 0 7019870
12 0 5508376
12 0 22026729
12 0 1879126
13 0 1363583
13 0 27207142
14 0 99901257
14 0 298339234
14 0 16342822
14 0 5841049
15 0 186565942
15 0 246482343
15 0 91003473
15 0 57173291
16 0 687421777
16 0 611917599
16 0 187010086
16 0 252110759
16 2.08 875856747
