1 0 1522
2 0 2623
2 0 3050
3 0 6091
3 0 4241
4 0 6709
4 0 13217
4 0 9984
5 0 27107
5 0 23390
6 0 13790
6 0 49158
6 0 27361
6 0 115322
7 0 16108
7 0 29819
8 0 10824
8 0 74272
8 0 154986
8 0 13724
9 0 430164
9 0 12030
9 0 636615
10 0 2140016
10 0 800851
10 0 12362
10 0 119808
11 0 3817446
11 0 9157
12 0 18862491
12 0 3755608
12 0 1215134
12 0 29494
12 0 558381
12 0 102346251
13 0 11216
13 0 13513923
14 0 314482615
14 0 16303
14 0 113038
14 0 38135781
15 0 14725
15 0 69886
15 0 506394
15 107.74 549154802
16 0 17245
16 1 128775250
16 0 27092703
16 0 3518189
16 0 14048
