1 0 1530
2 0 2637
2 0 3038
3 0 5582
3 0 5804
4 0 8628
4 0 10721
4 0 6477
5 0 27401
5 0 13385
6 0 3150
6 0 12833
6 0 11477
6 0 5215
7 0 25750
7 0 43600
8 0 112849
8 0 66971
8 0 42143
8 0 94684
9 0 17120
9 0 118565
9 0 279940
10 0 959296
10 0 850119
10 0 77709
10 0 482656
11 0 11409
11 0 5139763
12 0 19243969
12 0 5074267
12 0 3778821
12 0 611517
12 0 220645
12 0 20482844
13 0 109792469
13 0 18686866
14 0 14334
14 0 27724724
14 0 3943548
14 0 18301
15 2.26 618786071
15 0 32990949
15 0 3629689
15 15.94 300674231
16 3.42 480832265
16 5.68 383082041
16 0 18571814
16 0 1579015
16 6 362041146
