1 1 3
2 3 3 3
1 2 3
1 1 2 2
3 3 3 2
2 1 3
2 1 2 1
3 3 2 2
1 3 3
1 3 1 1
1 2 1 2
2 3 1 3
3 1 3
3 1 3 1
1 3 3 1
2 2 1 1
1 4 3
3 2 1 2
2 1 1 3
3 2 3 1
3 2 3 2
2 2 3
1 3 2 1
1 2 1 2
2 3 3 1
2 3 1 1
4 1 3
2 1 3 1
1 1 3 1
2 3 2 3
1 1 2 2
1 5 3
1 3 1 1
2 2 3 3
3 2 3 1
2 3 3 1
2 3 1 3
5 1 3
3 3 1 2
3 3 2 1
1 3 1 1
3 1 3 2
2 2 2 2
1 6 3
1 2 3 2
3 3 3 1
2 3 3 2
3 1 1 3
1 3 1 1
2 1 2 2
2 3 3
1 1 1 1
2 3 2 3
1 2 2 3
1 1 1 3
3 1 1 1
1 2 3 2
3 2 3
1 3 3 2
2 2 1 3
3 2 3 2
1 3 2 2
2 1 3 3
1 3 2 2
6 1 3
1 1 2 3
2 2 1 2
2 1 1 3
2 2 1 1
1 3 3 1
3 3 3 2
1 7 3
3 3 2 1
2 1 2 3
1 1 2 2
3 3 1 2
3 3 2 2
2 2 1 3
3 1 3 3
7 1 3
3 3 1 3
2 2 1 2
3 3 1 1
1 3 3 3
2 1 2 3
1 2 2 3
3 2 2 3
1 8 3
3 2 3 3
3 1 3 1
3 3 3 3
2 3 1 3
3 3 1 3
2 3 3 2
1 1 1 2
3 3 1 3
2 4 3
2 1 3 1
2 2 2 2
2 2 2 2
2 2 1 3
3 2 3 1
2 2 3 2
2 2 1 2
1 2 2 3
4 2 3
3 2 3 1
1 3 2 3
2 1 2 3
3 3 3 2
2 2 3 3
3 2 2 3
3 3 1 2
2 3 1 1
8 1 3
2 2 3 3
2 2 3 3
3 1 3 2
1 3 1 2
1 3 2 1
1 1 3 2
3 1 1 2
1 2 1 2
1 9 3
3 3 3 1
2 2 1 1
3 1 2 3
3 2 2 3
2 1 1 1
1 3 3 2
1 3 1 2
1 1 1 2
1 3 3 3
3 3 3
2 1 3 1
1 3 1 1
2 3 3 1
3 2 1 2
1 1 1 2
3 1 1 3
2 2 2 2
2 2 2 3
3 2 2 1
9 1 3
2 2 1 3
3 1 1 3
2 2 1 1
2 1 3 1
3 1 2 1
3 1 3 2
2 3 2 2
1 1 2 2
3 2 2 2
1 10 3
1 1 2 3
2 3 3 1
1 1 2 1
1 1 2 1
2 1 2 1
1 1 3 1
2 2 3 2
2 3 3 2
3 1 1 1
1 2 2 2
2 5 3
2 2 2 2
3 3 3 2
1 3 1 2
1 1 3 3
2 1 1 3
3 3 2 2
2 3 3 3
1 3 2 2
1 1 1 1
1 2 3 2
5 2 3
1 3 1 1
3 1 3 1
2 3 2 1
1 3 3 3
2 2 2 3
1 3 2 2
1 1 3 1
2 2 2 2
2 3 2 1
1 3 2 2
10 1 3
2 1 2 3
1 1 2 3
3 1 1 2
1 2 1 1
2 3 1 3
2 3 1 1
3 1 2 3
3 1 1 2
1 3 3 2
1 2 3 3
1 11 3
3 3 2 3
1 3 2 1
3 2 3 3
2 2 3 2
3 2 1 3
3 2 1 1
1 1 3 2
3 2 2 2
1 1 2 2
1 1 2 1
1 3 1 2
11 1 3
1 3 2 3
2 3 2 1
2 3 3 3
2 2 2 1
1 1 3 2
1 2 1 3
3 1 3 3
3 1 2 1
3 3 3 3
3 2 3 2
2 2 1 3
1 12 3
1 3 1 2
3 1 1 2
3 2 1 2
2 1 2 2
1 3 2 1
1 2 3 1
1 1 2 2
2 3 3 1
1 1 3 3
2 1 2 1
3 2 3 2
3 1 1 3
2 6 3
1 2 1 1
3 1 2 3
1 3 2 1
1 2 1 1
3 1 1 1
2 3 2 2
2 2 1 2
3 1 1 3
2 2 2 2
3 3 2 3
1 1 3 2
3 1 2 2
3 4 3
2 2 3 1
2 2 3 1
3 3 2 2
2 2 3 1
2 1 3 1
1 1 3 1
2 1 2 2
1 1 1 3
1 1 2 2
3 1 3 3
1 1 2 2
1 1 3 3
4 3 3
2 3 3 1
1 3 1 3
3 1 2 2
2 2 2 3
3 3 3 1
1 2 3 2
1 2 1 2
3 1 1 2
3 3 2 1
2 1 1 3
2 2 2 3
1 3 1 2
6 2 3
1 3 2 1
1 2 3 1
3 1 2 3
1 2 3 1
2 1 2 2
2 2 1 3
1 2 1 2
2 1 3 2
1 2 3 1
1 2 3 1
3 2 1 1
2 3 2 3
12 1 3
2 3 1 1
1 2 2 2
1 2 3 3
3 1 1 3
3 1 1 1
1 1 2 3
3 2 1 1
3 2 1 2
1 3 3 2
1 1 1 2
3 1 2 3
2 3 3 1
1 13 3
2 1 1 2
1 2 2 1
2 3 2 2
2 1 1 3
3 3 2 1
2 3 3 1
1 1 1 2
2 3 2 3
1 1 1 3
3 3 1 2
2 3 1 2
3 2 1 3
2 3 3 1
13 1 3
3 3 1 3
3 2 2 1
3 1 1 3
2 2 3 1
2 1 1 1
1 1 2 1
3 3 3 2
3 2 2 2
1 3 3 2
2 1 3 2
2 1 2 3
2 2 2 1
3 2 2 3
1 14 3
2 3 3 1
3 2 3 3
3 2 2 2
2 2 1 1
3 3 2 1
1 3 2 3
1 3 3 1
1 2 3 3
2 2 2 2
1 1 2 2
3 1 3 2
3 3 2 2
3 3 3 1
3 2 1 2
2 7 3
1 1 2 2
3 2 2 2
1 1 1 3
1 2 1 1
2 1 2 1
1 1 3 3
1 1 1 1
2 1 2 1
2 3 2 2
2 1 3 3
1 3 2 3
2 3 1 3
3 1 2 1
1 2 3 2
7 2 3
2 1 2 2
2 1 2 1
3 3 2 3
2 1 2 2
1 1 2 2
1 3 3 3
3 2 3 3
3 3 2 3
1 3 1 1
1 3 1 2
3 3 1 1
1 2 3 2
3 2 1 3
1 3 3 3
14 1 3
1 3 1 2
3 2 1 2
3 2 2 1
1 2 2 3
2 2 1 3
1 1 2 3
3 2 3 1
3 3 1 1
3 2 2 1
2 2 2 2
1 3 2 2
1 1 2 1
2 3 1 3
1 2 3 3
1 15 3
1 3 1 1
3 2 2 1
1 3 1 2
3 2 3 3
2 2 2 3
2 1 3 3
1 3 3 2
2 3 2 1
3 3 1 2
2 2 3 2
3 3 1 2
2 3 2 3
2 1 3 3
2 2 1 2
3 3 1 2
3 5 3
2 3 2 2
2 3 1 3
2 3 1 2
1 2 3 2
3 3 2 1
3 2 2 3
1 3 1 3
3 2 2 3
1 1 1 3
1 2 2 3
3 3 1 3
3 2 2 2
2 1 3 1
2 2 3 3
2 2 3 2
5 3 3
1 2 2 2
3 2 1 3
2 3 3 1
3 2 1 2
1 2 1 2
3 2 3 1
1 1 1 3
2 1 2 3
3 3 2 3
2 2 3 3
2 3 1 1
2 1 1 2
3 1 3 3
2 3 3 1
1 2 3 3
15 1 3
3 2 2 2
2 3 2 3
2 2 1 3
2 2 3 1
3 3 2 3
2 3 2 1
3 2 1 3
3 1 2 2
3 3 2 1
3 1 2 1
2 3 1 1
1 1 1 3
2 1 3 3
3 1 1 2
3 2 1 3
1 16 3
3 3 3 3
2 1 1 2
1 2 2 3
1 3 3 3
3 1 2 1
1 3 1 1
3 2 3 3
1 1 3 1
3 2 3 2
3 1 3 3
3 2 2 2
1 1 1 1
2 3 2 3
2 3 3 3
2 3 2 2
3 2 3 2
2 8 3
3 3 3 3
1 2 2 2
1 1 3 1
2 1 2 1
3 1 1 3
3 1 2 2
1 3 1 3
3 1 3 3
1 2 3 2
2 1 3 3
2 2 1 1
2 3 1 3
1 1 2 1
3 1 2 3
1 1 2 3
1 2 3 2
4 4 3
2 2 2 1
3 1 3 2
1 1 2 3
1 1 3 1
2 2 2 1
2 1 3 3
1 3 3 3
1 2 2 3
1 3 3 2
1 3 3 2
1 3 1 2
1 1 2 2
2 3 3 2
2 3 1 2
3 3 2 2
3 1 1 1
8 2 3
3 1 2 1
1 2 2 1
2 1 2 2
2 1 3 1
1 3 2 2
3 3 2 3
1 3 1 3
3 2 3 1
2 3 1 3
2 1 3 3
1 3 1 2
1 1 2 1
2 2 1 2
1 3 1 1
2 2 1 3
3 2 3 2
16 1 3
1 1 1 2
1 1 1 2
3 2 1 3
3 1 1 1
2 2 2 3
1 1 1 3
2 2 2 1
3 2 3 1
1 1 2 1
1 3 1 1
2 1 3 3
1 1 3 3
3 3 3 3
3 1 3 2
2 2 3 3
2 2 3 2
0
