1 0 1877
2 0 2725
2 0 2680
3 0 5532
3 0 5541
4 0 4637
4 0 3169
4 0 1683
5 0 4973
5 0 15952
6 0 11441
6 0 25769
6 0 35689
6 0 3134
7 0 86873
7 0 67501
8 0 60500
8 0 72175
8 0 137342
8 0 321281
9 0 13991
9 0 126719
9 0 95269
10 0 170440
10 0 274451
10 0 346319
10 0 869075
11 0 9534017
11 0 2686858
12 0 11144646
12 0 14672790
12 0 3048161
12 0 2101645
12 0 2275301
12 0 24891686
13 0 41439148
13 0 9042293
14 0 155334603
14 0 208134513
14 0 6462924
14 0 66539712
15 2.88 356884853
15 0 39299922
15 0 48851501
15 2 522828660
16 8 486519683
16 0 119574497
16 0 24901204
16 0 10338907
16 1 92663309
