1 1 5
3 2 2 4
1 2 5
1 5 1 2
4 2 1 2
2 1 5
4 2 2 4
2 1 3 1
1 3 5
1 3 4 2
2 3 1 5
2 4 1 1
3 1 5
3 4 5 3
1 2 1 1
3 1 2 3
1 4 5
4 1 4 5
1 1 3 4
3 3 2 1
5 2 2 1
2 2 5
2 2 3 4
2 4 3 4
1 5 4 5
2 1 5 1
4 1 5
1 3 2 3
3 4 3 2
1 4 4 2
5 5 4 2
1 5 5
3 2 2 1
5 5 5 2
1 3 2 3
5 1 3 2
3 4 2 2
5 1 5
5 1 5 2
5 3 4 4
2 2 2 4
5 4 4 5
5 5 1 5
1 6 5
5 4 2 4
4 1 3 3
2 1 1 3
1 5 1 5
2 1 1 3
5 4 3 4
2 3 5
2 4 3 3
3 1 5 2
4 3 3 5
1 2 4 2
2 5 1 2
4 1 4 1
3 2 5
2 1 5 1
4 5 4 3
5 4 5 4
1 1 1 1
4 5 5 4
3 4 2 4
6 1 5
3 2 2 3
4 2 5 5
2 2 2 1
1 3 3 5
1 4 5 3
5 5 3 3
1 7 5
1 3 3 3
3 4 3 5
2 5 2 5
3 4 2 5
5 3 5 5
5 2 1 2
5 5 4 1
7 1 5
2 4 5 4
1 2 4 3
2 1 4 3
2 2 5 5
5 1 4 4
3 5 5 5
1 2 1 2
1 8 5
2 2 5 5
5 4 5 5
1 3 4 4
4 4 4 5
2 3 4 2
5 4 2 4
3 4 3 5
5 4 4 3
2 4 5
2 3 2 1
1 2 2 3
1 2 2 4
5 5 1 1
4 1 4 3
5 3 1 4
1 1 4 5
1 4 3 2
4 2 5
1 1 2 3
4 3 1 5
4 4 5 5
3 5 2 1
3 3 5 2
5 5 2 2
5 5 1 5
5 5 1 5
8 1 5
3 4 5 3
3 5 4 1
5 1 2 2
5 1 4 2
3 3 5 4
4 2 5 4
3 2 5 3
4 3 4 1
1 9 5
1 3 5 4
4 1 1 3
1 5 1 5
5 4 4 4
3 5 4 2
1 3 2 1
1 3 5 4
5 3 1 3
1 1 3 1
3 3 5
1 5 1 1
1 1 2 5
2 2 5 4
2 3 2 4
2 3 1 3
1 5 3 2
3 4 1 5
4 3 2 1
5 2 3 5
9 1 5
3 1 2 1
3 1 1 1
1 3 1 4
5 2 3 2
3 1 1 5
4 1 1 4
4 3 4 3
1 3 4 5
3 5 5 2
1 10 5
3 1 4 3
3 5 3 4
3 1 3 5
1 3 2 4
3 4 2 3
3 2 2 4
4 1 3 3
5 3 2 2
5 5 1 4
1 4 2 5
2 5 5
4 4 5 4
3 3 4 1
3 5 5 1
3 2 1 3
4 3 5 5
2 3 4 3
3 4 1 3
4 5 3 4
3 4 4 3
3 2 5 2
5 2 5
3 4 2 2
2 4 4 2
2 1 2 5
3 5 3 2
5 3 2 1
2 4 4 2
4 5 1 3
3 5 4 1
5 3 2 2
1 3 3 4
10 1 5
3 1 4 2
5 3 4 2
2 5 2 1
5 2 4 5
3 4 2 1
3 2 3 2
4 1 5 2
3 5 5 2
5 5 4 5
2 4 3 1
1 11 5
3 1 1 4
4 4 3 2
2 1 2 1
2 1 4 3
1 4 4 1
3 5 2 4
5 2 3 3
5 2 3 4
2 3 2 1
1 4 4 4
4 2 1 3
11 1 5
2 5 5 4
5 5 4 4
4 3 2 3
4 2 1 1
5 5 1 2
3 3 4 5
3 4 1 2
5 1 4 3
2 5 1 3
4 5 3 2
4 2 2 4
1 12 5
5 4 1 4
3 2 2 2
4 5 2 1
5 4 4 4
1 4 1 5
3 4 2 3
5 2 5 3
3 3 1 4
1 2 2 3
3 4 2 3
5 3 5 5
3 4 5 3
2 6 5
4 3 2 4
1 1 1 5
4 2 2 1
4 4 1 4
2 2 4 1
2 5 3 4
4 3 5 3
3 1 5 3
3 4 1 3
1 2 2 4
5 5 1 4
4 1 4 5
3 4 5
4 4 1 1
5 5 1 5
4 2 2 1
2 4 4 5
2 1 4 4
2 3 2 4
2 2 2 5
2 2 2 5
3 4 2 2
3 4 2 4
5 5 4 4
3 4 5 1
4 3 5
5 3 4 3
5 5 3 2
3 4 3 4
3 1 1 5
1 2 1 1
1 4 4 2
4 4 5 3
3 4 4 4
4 4 3 3
4 1 1 1
1 1 2 5
3 2 4 4
6 2 5
5 2 4 2
2 2 4 2
5 5 5 4
1 3 4 4
1 2 3 1
4 1 4 1
3 5 1 5
3 1 3 2
2 1 4 1
4 4 2 4
3 1 4 5
5 3 3 3
12 1 5
1 3 3 4
5 3 1 2
2 1 1 1
4 1 3 5
1 3 2 5
1 4 5 5
4 3 5 4
5 4 3 2
1 5 2 5
5 3 3 3
5 4 4 3
4 3 5 1
1 13 5
5 1 2 2
4 1 1 5
1 2 5 2
1 2 4 3
3 5 5 2
2 2 5 4
2 5 1 2
2 5 5 1
3 1 4 3
4 1 2 4
3 3 2 5
4 5 4 4
5 5 2 3
13 1 5
4 1 1 2
5 4 4 3
3 3 3 2
5 3 5 3
4 3 3 3
1 5 2 1
1 2 4 2
2 1 5 2
3 2 3 5
5 1 2 5
5 2 1 2
4 5 4 2
3 4 4 5
1 14 5
5 2 5 2
1 4 4 4
1 3 5 3
1 2 4 1
5 1 2 1
2 2 2 2
4 3 1 3
3 1 2 2
5 3 3 5
1 1 3 3
5 4 3 3
5 1 5 1
3 1 4 1
4 5 3 2
2 7 5
2 3 1 4
3 2 2 4
5 2 3 2
4 2 2 1
5 4 3 2
1 2 2 4
2 5 4 5
2 3 4 5
2 4 1 2
3 2 5 4
5 3 2 4
4 5 4 4
3 1 5 1
2 3 1 5
7 2 5
5 1 1 3
4 4 2 5
5 2 1 4
1 3 4 5
5 5 3 5
5 3 5 4
3 1 1 1
4 1 2 5
2 3 2 2
3 5 3 2
2 1 5 4
3 5 3 2
5 3 3 1
5 3 1 5
14 1 5
3 2 5 3
2 2 2 5
1 5 1 3
5 1 2 3
1 1 1 3
3 5 1 2
2 3 4 4
5 4 5 3
5 1 2 4
4 1 5 4
5 3 2 1
3 3 3 3
5 5 5 2
5 5 5 3
1 15 5
4 3 1 4
4 2 3 5
3 4 3 1
4 5 5 1
2 3 1 4
2 1 3 1
5 2 5 4
3 1 4 1
4 1 1 4
3 5 3 5
4 1 5 4
5 1 1 3
5 4 1 1
4 5 4 5
1 3 1 5
3 5 5
5 4 2 5
4 5 3 3
4 1 2 4
3 4 5 4
1 5 1 1
3 3 1 3
2 1 5 4
5 5 5 5
5 3 4 5
2 2 3 1
4 1 1 1
4 5 4 2
5 1 2 4
3 4 4 1
5 3 1 4
5 3 5
4 5 5 3
2 4 2 1
2 4 1 5
2 1 5 5
1 5 3 2
5 4 2 4
5 2 1 4
1 1 4 4
2 4 3 3
4 5 5 5
5 5 4 1
3 5 3 5
4 5 3 5
1 4 5 5
3 5 5 3
15 1 5
2 5 2 3
5 4 2 3
5 2 2 2
3 2 4 2
1 3 1 1
3 5 5 5
4 1 4 3
5 5 5 3
1 3 2 1
4 4 3 3
2 2 1 1
5 5 3 1
2 3 3 1
3 3 5 3
3 5 2 5
1 16 5
1 1 4 2
4 1 2 2
1 1 1 2
4 2 2 4
3 1 1 4
4 3 2 3
2 1 2 2
3 3 3 3
5 1 1 3
1 4 1 1
5 4 4 5
5 3 5 2
3 5 2 3
5 3 5 1
1 3 4 5
2 1 4 2
2 8 5
2 5 1 4
3 4 5 4
2 5 4 3
2 3 4 5
5 2 2 1
2 4 3 2
1 2 3 5
4 1 1 5
5 3 4 3
1 5 3 4
4 1 1 1
1 1 2 2
3 3 2 4
1 1 2 4
4 4 3 3
4 5 2 1
4 4 5
2 2 5 5
3 2 3 4
5 1 1 5
1 2 3 3
4 1 3 2
1 4 2 5
4 4 2 5
5 5 5 1
4 1 2 1
2 2 4 1
2 4 2 4
2 4 2 1
4 4 4 2
5 5 1 3
5 4 4 4
3 3 1 3
8 2 5
5 3 4 2
1 4 4 4
5 1 2 1
4 5 3 5
1 1 1 5
2 3 4 1
3 3 4 2
2 5 5 2
4 5 5 1
3 3 4 2
3 2 3 4
2 2 3 2
3 5 3 4
4 3 2 1
5 5 2 4
1 3 5 1
16 1 5
2 4 1 2
3 1 3 1
3 2 4 1
4 3 4 3
2 1 3 2
3 4 2 5
1 5 3 1
5 4 2 1
4 2 2 1
3 2 1 2
5 1 2 5
3 2 2 1
2 5 2 1
5 5 2 5
2 1 1 1
4 4 3 4
0
