1 0 1553
2 0 2624
2 0 2586
3 0 4941
3 0 5628
4 0 12501
4 0 15603
4 0 8384
5 0 27422
5 0 11112
6 0 9496
6 0 12964
6 0 9454
6 0 11660
7 0 17346
7 0 89952
8 0 95494
8 0 285950
8 0 103611
8 0 192535
9 0 33529
9 0 117010
9 0 45618
10 0 567242
10 0 606686
10 0 244915
10 0 4846018
11 0 293696
11 0 1374078
12 0 26174216
12 0 756974
12 0 3437107
12 0 2639298
12 0 9884226
12 0 20983721
13 0 80949526
13 0 9598698
14 0 58588593
14 0 55396375
14 0 407434
14 0 560254445
15 0 71291201
15 0 19737718
15 0 18640602
15 0 308257048
16 2.2 786429117
16 0 231448213
16 0 27731496
16 0 21120207
16 0 364367779
