1 0 1550
2 0 674
2 0 656
3 0 1385
3 0 1383
4 0 6143
4 0 6548
4 0 6219
5 0 11169
5 0 11411
6 0 24557
6 0 81604
6 0 78713
6 0 21169
7 0 147144
7 0 177953
8 0 1394042
8 0 327710
8 0 1104178
8 0 1380814
9 0 2595164
9 0 2277968
9 0 3176086
10 0 6626722
10 0 5650819
10 0 20829753
10 0 6872412
11 0 15515166
11 0 10691461
12 0 30324090
12 0 119479617
12 0 79842987
12 0 539138176
12 0 592424987
12 0 122004518
13 0 385192265
13 0 69070674
14 0 579984281
14 0 118237345
14 0 260714094
14 0 771590287
15 9.8 516243548
15 3.42 628122947
15 25.04 606455851
15 6 100744495
16 13.96 156856279
16 92.28 285310891
16 46 802144057
16 49.32 665236531
16 105.06 672142086
