1 1 64
17 7 53 37
1 2 64
35 14 32 38
44 48 27 53
2 1 64
39 26 40 42
18 40 39 41
1 3 64
32 55 25 6
57 32 10 6
25 57 59 42
3 1 64
63 48 14 33
61 45 6 40
28 33 29 2
1 4 64
58 4 43 11
43 17 52 10
8 12 16 64
44 25 5 4
2 2 64
17 64 45 15
47 59 47 43
39 52 18 3
20 46 4 13
4 1 64
50 47 24 28
63 11 38 6
22 53 6 1
13 10 5 29
1 5 64
9 49 43 55
43 25 33 18
12 51 20 32
32 23 44 17
5 3 45 4
5 1 64
13 18 9 35
6 14 35 18
24 39 46 32
24 24 23 2
48 55 19 59
1 6 64
41 38 26 9
61 6 25 1
8 5 4 21
22 13 55 27
26 25 44 49
64 25 17 23
2 3 64
48 39 24 31
29 43 26 6
16 51 14 12
56 38 13 64
43 16 20 64
28 10 27 54
3 2 64
34 6 38 33
31 54 55 14
28 15 45 57
57 6 62 8
56 11 20 48
48 32 47 26
6 1 64
47 2 26 11
11 52 64 44
57 37 13 23
27 3 37 54
17 17 46 9
22 43 17 13
1 7 64
53 36 60 37
3 42 62 49
43 23 59 53
10 58 33 3
31 45 25 57
47 61 46 64
13 28 8 34
7 1 64
6 24 47 59
59 42 31 61
20 28 46 62
51 40 51 60
34 19 62 64
63 23 56 45
19 37 44 32
1 8 64
64 52 1 6
11 47 64 6
25 30 2 44
57 47 41 43
23 27 39 56
45 36 55 43
58 46 24 13
18 3 44 18
2 4 64
54 44 23 1
27 22 6 51
51 7 30 43
54 6 22 12
33 60 3 13
31 57 56 25
38 15 37 55
17 16 8 7
4 2 64
59 30 7 21
51 12 7 37
18 36 16 7
42 37 18 10
32 20 22 62
12 13 22 49
27 58 40 44
9 47 50 4
8 1 64
13 56 24 63
3 31 36 20
2 51 27 43
23 44 52 54
64 10 51 11
22 9 60 49
2 35 28 11
17 13 14 29
1 9 64
4 37 28 6
3 63 25 5
49 51 47 7
31 35 60 30
44 46 40 1
54 35 49 56
5 12 2 22
24 15 50 27
51 13 32 54
3 3 64
11 57 58 59
43 40 1 9
10 60 38 53
42 14 54 31
48 38 22 53
50 23 10 9
37 59 36 24
8 3 13 18
59 6 13 38
9 1 64
45 13 46 55
9 20 43 50
33 32 16 16
6 38 4 55
60 13 63 33
8 34 56 15
37 4 32 31
9 44 4 53
57 50 43 1
1 10 64
5 22 50 37
53 1 52 58
38 56 48 34
4 47 2 11
16 57 25 52
60 57 19 4
36 22 56 28
7 35 28 11
56 13 47 44
14 35 38 51
2 5 64
26 21 20 29
3 21 40 19
13 64 6 8
56 24 11 28
46 3 55 52
37 19 63 28
31 45 7 44
15 44 31 40
1 50 5 3
7 44 21 19
5 2 64
43 27 27 35
50 37 62 31
39 52 19 11
6 17 38 37
61 45 16 12
24 46 51 24
32 55 27 38
34 47 56 13
9 18 47 59
55 44 25 29
10 1 64
31 43 40 37
59 13 9 56
57 24 3 17
6 53 40 37
44 2 10 13
49 1 25 57
19 7 51 9
50 12 37 17
54 12 53 49
25 61 40 17
1 11 64
20 42 33 25
30 9 61 9
10 6 22 58
7 46 51 25
53 37 33 38
48 5 54 38
17 42 22 41
38 61 57 58
38 26 18 3
34 15 12 43
20 33 37 26
11 1 64
14 23 50 2
59 18 40 43
23 29 16 39
7 37 15 44
33 7 37 6
32 55 8 1
5 19 44 24
51 16 50 1
38 35 2 32
53 41 10 11
6 25 49 12
1 12 64
61 63 55 29
5 28 34 37
18 42 37 22
60 16 45 47
31 30 47 4
1 48 36 53
25 45 63 30
6 47 41 2
45 31 31 49
58 64 21 11
41 58 32 37
9 13 19 40
2 6 64
42 1 43 42
48 14 30 8
59 28 37 64
10 13 1 54
44 31 39 37
31 59 48 7
52 15 43 61
27 61 36 5
61 14 46 45
28 12 52 22
39 25 21 49
37 21 38 16
3 4 64
52 12 53 18
7 36 24 58
50 3 54 13
63 25 17 60
39 62 40 2
9 27 23 48
51 43 32 24
63 5 39 50
17 27 3 23
62 27 16 48
29 6 60 27
30 12 22 4
4 3 64
9 61 5 18
24 27 1 10
5 32 33 4
36 8 53 52
34 56 10 32
18 26 15 46
31 10 8 60
21 30 64 29
26 4 46 49
31 46 59 35
13 27 38 49
34 27 36 4
6 2 64
18 46 35 35
7 49 16 37
58 23 32 14
52 31 42 14
35 24 62 1
5 56 35 18
19 9 2 52
35 37 55 52
18 25 22 24
9 37 60 2
59 28 15 47
58 57 60 28
12 1 64
16 57 28 20
49 63 37 3
7 38 54 41
11 45 28 28
5 49 52 14
21 47 15 15
10 30 61 4
22 56 31 37
49 59 56 33
57 29 35 63
2 24 39 12
4 2 40 9
1 13 64
50 27 22 6
9 36 20 19
1 17 22 22
8 52 58 56
46 50 24 38
14 58 36 15
18 10 27 21
11 2 29 60
28 50 1 36
22 21 54 22
37 11 44 44
63 37 36 44
22 59 18 35
13 1 64
53 53 50 6
63 12 26 9
13 55 5 40
40 5 11 61
25 1 19 61
11 62 41 9
34 12 53 56
6 6 26 58
58 11 63 56
22 25 1 34
15 5 9 54
9 20 51 34
20 5 30 30
1 14 64
2 6 39 35
17 27 26 23
32 52 16 25
62 15 17 20
39 17 53 53
21 62 42 29
17 28 62 36
32 28 1 33
33 39 4 50
1 29 8 32
16 23 57 14
37 9 33 11
25 21 63 45
18 41 9 34
2 7 64
4 7 5 36
34 6 4 2
44 7 51 45
36 58 12 51
17 4 64 53
12 32 64 36
53 62 16 6
38 25 40 42
31 44 13 64
49 16 1 29
23 52 9 58
45 20 44 61
24 44 50 35
11 49 7 63
7 2 64
46 22 5 20
46 44 61 12
23 9 11 8
24 12 36 46
63 44 39 43
63 19 40 22
62 25 57 8
9 63 7 54
20 11 9 2
54 5 13 12
13 24 19 37
35 54 18 33
33 57 11 32
11 50 53 8
14 1 64
10 45 15 18
43 21 8 63
31 16 64 20
21 12 32 33
35 50 5 5
40 23 37 8
15 48 39 25
33 28 32 43
8 46 60 51
3 3 49 33
19 48 53 39
59 20 7 30
5 12 34 44
34 7 52 48
1 15 64
54 26 8 22
53 39 64 61
20 60 47 22
62 31 55 16
14 43 54 8
62 61 37 2
8 7 46 41
13 33 24 2
58 31 23 47
5 23 43 24
18 25 46 15
55 36 31 4
14 20 11 11
16 48 12 23
54 57 63 2
3 5 64
25 22 3 19
52 25 1 56
47 43 16 64
3 61 15 57
32 45 60 45
64 6 55 16
53 2 38 42
59 37 43 19
58 45 37 46
6 37 37 52
15 52 52 17
48 2 9 15
46 4 59 45
10 49 60 62
51 34 40 45
5 3 64
6 18 63 63
63 36 44 4
8 17 55 23
4 42 39 52
43 48 2 24
51 61 5 60
45 64 58 31
33 33 11 38
50 10 37 48
45 16 51 52
32 42 10 36
19 49 23 62
32 24 21 18
20 25 14 1
25 7 31 57
15 1 64
39 42 31 24
51 3 8 31
18 58 18 50
35 28 21 54
12 43 51 43
2 7 60 22
32 9 22 56
15 52 48 53
29 14 13 15
16 20 45 34
13 63 19 48
26 39 37 37
17 23 15 18
29 10 39 60
19 60 51 33
1 16 64
48 35 22 12
48 34 27 64
53 7 33 1
5 51 48 30
25 20 2 41
42 16 58 7
26 33 2 44
28 53 12 11
23 33 23 6
2 49 5 54
55 37 55 60
23 38 25 47
58 27 23 35
42 17 41 3
49 43 46 12
31 58 23 53
2 8 64
26 45 58 28
29 63 17 19
35 7 14 58
45 39 40 38
1 63 8 42
15 49 45 63
27 26 10 57
19 32 45 45
12 38 8 40
36 24 59 7
31 8 64 11
46 39 48 46
37 55 24 51
39 4 49 1
29 59 57 48
26 37 28 38
4 4 64
11 35 13 46
58 7 52 24
15 51 34 60
26 17 42 62
8 1 49 46
4 33 47 32
27 39 15 53
12 42 26 22
12 38 3 6
45 55 29 59
41 63 54 2
15 31 64 22
31 48 4 34
16 50 2 43
24 16 31 35
58 56 56 5
8 2 64
29 59 10 9
49 39 3 25
37 57 27 51
23 26 9 54
9 12 23 24
61 24 2 20
40 32 55 33
23 46 37 52
40 47 60 24
21 63 49 57
55 11 43 13
36 51 2 44
62 25 3 58
48 5 14 23
36 4 55 59
49 28 46 25
16 1 64
10 41 48 30
39 32 22 29
42 64 42 13
51 43 56 48
3 59 42 51
63 55 9 34
58 64 28 42
27 9 2 36
50 50 1 24
17 22 53 59
21 30 7 7
8 63 55 11
57 32 61 55
22 5 24 15
4 52 56 30
60 58 1 45
0
