1 0 1635
2 0 3099
2 0 2674
3 0 6088
3 0 6112
4 0 10201
4 0 15172
4 0 10895
5 0 22338
5 0 15550
6 0 29633
6 0 39712
6 0 31173
6 0 29207
7 0 52533
7 0 51358
8 0 27591
8 0 127884
8 0 42138
8 0 140296
9 0 176505
9 0 303104
9 0 21581
10 0 1066424
10 0 336221
10 0 449227
10 0 50592
11 0 2904822
11 0 89791
12 0 6156709
12 0 15253280
12 0 1897591
12 0 3954835
12 0 1904532
12 0 529522
13 0 24199064
13 0 508982734
14 0 872198141
14 0 41311290
14 0 3270543
14 0 27382956
15 0 60477906
15 0 41560923
15 0 9181501
15 0 232450627
16 0 183452897
16 0 212413067
16 0 94093167
16 0 137297059
16 0 68439771
