1 0 1640
2 0 3053
2 0 2690
3 0 4311
3 0 5341
4 0 8457
4 0 13561
4 0 25831
5 0 22881
5 0 46604
6 0 30774
6 0 37952
6 0 35759
6 0 12023
7 0 54692
7 0 58538
8 0 429985
8 0 183782
8 0 77745
8 0 23548
9 0 230686
9 0 274175
9 0 941503
10 0 2330493
10 0 1305053
10 0 437711
10 0 1760563
11 0 5617182
11 0 1396574
12 0 26897014
12 0 7909578
12 0 3945982
12 0 4755222
12 0 1525842
12 0 1643118
13 0 2556302
13 0 1453938
14 0 9951311
14 0 142592318
14 0 36656907
14 0 28767427
15 0 34724446
15 0 49409557
15 0 43340231
15 0 387834532
16 0 95119609
16 0 933957913
16 0 57220184
16 0 45819287
16 1 420270121
