1 0 1538
2 0 3357
2 0 3107
3 0 5401
3 0 5943
4 0 12048
4 0 16119
4 0 9482
5 0 20536
5 0 8064
6 0 59480
6 0 11979
6 0 24687
6 0 6697
7 0 45884
7 0 9190
8 0 139968
8 0 479496
8 0 119540
8 0 415530
9 0 174614
9 0 270018
9 0 160969
10 0 580895
10 0 3173832
10 0 487356
10 0 139894
11 0 3836052
11 0 1409271
12 0 382043
12 0 24448096
12 0 6146607
12 0 7906539
12 0 6465085
12 0 17154820
13 0 24072821
13 0 25407520
14 0 92547411
14 0 116327692
14 0 11846448
14 0 4320888
15 0 71484908
15 0 26364130
15 0 17561010
15 0 39995220
16 3 405305184
16 0 112677306
16 0 73307131
16 0 116625755
16 0 720124253
