1 0 1553
2 0 2807
2 0 2649
3 0 5166
3 0 6086
4 0 10325
4 0 30957
4 0 13207
5 0 17348
5 0 13261
6 0 63067
6 0 25359
6 0 26425
6 0 30000
7 0 11645
7 0 179502
8 0 444633
8 0 213160
8 0 260018
8 0 152759
9 0 392391
9 0 214860
9 0 1110984
10 0 1141611
10 0 1427834
10 0 1215681
10 0 610960
11 0 1997543
11 0 6990619
12 0 7935518
12 0 16773171
12 0 3548465
12 0 5029430
12 0 4066879
12 0 5155933
13 0 954285
13 0 18853463
14 0 8611633
14 0 490976844
14 0 8228279
14 0 21791903
15 0 439674084
15 0 54186870
15 0 183598070
15 0 25487455
16 3.04 946467012
16 0 355721979
16 0 383102883
16 0 285821116
16 2 248344416
